3 12
3 2 1 5 3 2 4 3 2 1 5 4
5 16
1 3 5 7 9 9 7 5 1 8 3 5 2 3 12 18
8 1
1
3 9
1 2 3 4 5 6 1 2 3
4 8
1 2 3 4 2 1 1 4
8 4
1 2 9 50
4 8
1 2 3 4 5 2 5 9
1 5
5 2 10 7 6
50 50
12 9 45 16 23 41 6 16 27 10 15 1 47 43 50 46 17 32 12 46 14 41 30 50 3 44 18 37 12 24 49 37 24 3 4 50 8 42 29 7 36 1 43 3 14 22 38 16 40 8
8 25
5 10 3 6 3 3 10 4 4 7 3 10 10 8 8 9 10 5 7 4 10 5 10 10 1
5 10
6 27 24 35 40 39 43 13 2 23
5 50
6 3 4 1 5 1 8 9 2 6 3 5 10 4 8 4 7 10 5 10 9 2 2 4 5 1 8 3 9 7 5 10 2 3 9 6 8 5 10 10 10 9 3 10 3 10 9 2 8 3
40 23
6 5 5 5 2 3 3 5 5 2 5 3 3 6 6 4 5 5 4 5 1 1 2
6 40
17 9 6 13 14 7 17 19 7 9 11 15 15 22 3 12 14 15 2 5 8 19 23 1 17 1 2 7 20 1 3 19 8 8 2 12 22 16 16 23
23 6
19 4 12 26 10 21
10 50
2 19 8 13 20 3 1 2 18 14 2 13 3 2 3 2 15 1 1 18 1 9 19 20 14 16 2 5 5 5 5 9 18 15 18 8 13 9 19 17 20 20 17 2 10 14 19 5 19 20
10 50
20 12 13 15 18 13 13 15 15 8 10 16 2 17 20 2 4 1 17 12 13 9 5 17 5 7 16 20 15 2 4 15 9 1 10 4 16 13 17 3 11 8 10 14 2 5 7 2 20 16
10 50
7 16 14 2 17 6 5 15 9 8 12 14 11 10 18 12 14 7 2 7 17 12 16 9 2 16 1 8 9 9 20 2 4 12 7 7 11 1 5 19 5 14 17 6 7 5 13 6 15 17
10 50
14 14 8 10 8 9 3 3 3 14 9 13 12 1 13 9 9 2 14 12 4 2 5 1 2 6 5 1 6 9 10 12 4 15 8 3 7 7 13 14 9 1 11 11 7 4 15 10 6 13
10 50
14 7 14 2 8 6 10 14 15 11 1 11 14 5 1 13 14 14 4 9 13 8 7 4 1 1 1 10 7 14 14 13 13 2 6 1 4 11 10 13 4 7 3 4 8 9 14 3 11 2
10 50
8 14 9 1 6 12 7 13 10 13 14 6 14 12 12 8 13 3 13 7 9 10 10 15 13 1 8 7 10 11 12 10 5 6 15 15 9 10 15 15 2 11 11 8 4 13 13 10 13 9
1 5
1 9 3 2 6
50 50
18 43 36 21 42 42 27 49 15 17 31 4 46 27 38 42 26 32 34 50 12 10 50 15 11 2 44 47 26 23 40 44 49 5 44 27 1 38 28 4 7 22 7 7 4 3 6 4 43 25
8 25
9 1 10 8 1 10 3 5 9 2 7 7 3 4 8 6 3 3 5 6 4 7 3 8 9
5 10
1 35 23 47 23 1 32 17 7 20
5 50
2 3 1 8 2 5 7 4 10 1 6 8 3 9 1 10 10 9 1 4 7 3 4 9 2 9 9 8 4 7 3 10 8 7 9 8 5 2 6 2 3 3 6 6 3 5 5 5 3 9
40 23
2 4 3 5 4 5 4 4 5 5 1 6 4 1 1 6 1 2 2 1 5 4 5
6 40
16 18 8 10 18 1 8 15 20 20 15 8 8 2 1 4 16 15 7 6 5 17 7 14 1 5 23 22 2 4 20 19 13 17 22 16 14 3 2 22
23 6
40 29 39 15 23 36
10 50
19 5 19 18 10 5 13 1 15 7 3 18 7 9 4 14 15 3 6 1 18 2 3 15 19 18 8 8 6 5 14 14 11 10 11 20 15 3 17 5 15 16 3 16 9 7 1 8 6 20
10 50
5 5 2 10 16 6 14 1 4 4 11 1 17 8 12 4 11 5 10 19 17 19 10 9 20 20 1 6 15 4 3 20 15 16 17 4 8 7 20 11 3 14 4 19 8 6 3 6 7 5
10 50
7 3 6 17 2 5 18 5 11 4 15 10 20 13 7 1 4 10 3 12 3 16 13 18 1 15 10 17 18 12 15 19 1 1 16 9 13 9 17 5 9 2 5 18 15 13 5 2 18 6
10 50
5 4 7 6 14 4 4 8 8 11 2 13 4 12 13 6 12 2 1 4 6 12 9 13 13 4 5 9 11 7 6 12 15 9 6 8 2 14 9 10 3 10 12 12 4 5 4 14 15 14
10 50
8 2 7 15 5 6 9 3 11 8 11 4 3 1 3 11 6 10 7 14 5 10 12 11 5 15 4 11 4 14 9 13 9 10 2 9 13 1 7 13 13 15 13 4 11 2 14 1 7 9
10 50
10 7 15 14 5 10 12 6 3 9 12 6 6 4 4 12 14 13 11 14 9 8 8 9 6 15 5 15 9 3 3 7 9 4 14 2 1 4 9 14 8 8 8 14 8 15 1 13 9 7
1 5
1 1 1 1 1
1 5
6 6 5 10 8
2 5
8 10 3 8 3
1 15
1 7 1 5 10 1 1 5 2 10 2 10 4 2 6
2 15
5 6 1 1 4 6 4 2 8 6 3 4 6 1 10
3 15
8 8 8 10 10 6 7 6 8 5 9 7 7 7 6
4 15
4 7 4 4 10 5 7 10 1 5 5 2 8 10 7
4 15
4 7 2 4 1 5 6 5 5 8 7 7 3 6 4
2 15
1 1 1 1 2 2 2 1 2 1 2 1 1 2 1
2 15
1 1 1 1 1 1 1 1 1 1 1 1 1 1 1
6 18
3 8 4 4 4 1 1 6 8 3 6 3 7 7 1 6 5 4
6 18
8 8 10 2 3 2 4 1 3 5 8 5 7 2 3 2 6 10
0 0
