30
3 2 5 101 17 3 13
4 5 2 5 19 3 5 11 1
5 2 10 3 11 2 12 3 13 2 14
19 9973 99999 9973 99999 9973 99999 9973 99999 9973 99999 9973 99999 9973 99999 9973 99999 9973 99999 9973 99999 9973 99999 9973 99999 9973 99999 9973 99999 9973 99999 9973 99999 9973 99999 9973 99999 9973 99999
19 9829 17 9833 13 9839 1 9851 99999 9857 1923 9859 9876 9871 42 9883 37984 9887 16 13 5 11 7 7 99999 101 13456 521 10000 37 1234 19 9091 53 8075 13 6 9859 125
19 9973 99999 9973 99999 9973 99999 9973 99999 9973 99999 9973 99999 9973 99999 9973 99999 9973 99999 9973 99999 9973 99999 9973 99999 9973 99999 9973 99999 9973 99999 9973 99999 9973 99999 9973 99999 9967 99999
1 17 1
1 2 3
1 173 12
1 173 12345
1 173 67890
1 173 123
1 173 4567
1 2 12
1 2 123
1 2 6789
1 2 90983
1 17 12
1 17 123
1 17 1234
1 17 98765
1 9973 1
1 9973 12
1 9973 123
1 9973 1234
1 9973 12345
10 97 99999 61 99999 37 99999 13 99999 59 99999 61 1 37 1 13 1 59 1 97 1
5 4253 1923 3541 9009 7 27 881 7 73 89999
15 4253 1923 3541 9009 7 27 881 7 73 89999 4253 9923 3541 1009 7 99927 881 7 73 89999 4253 1923 3541 9009 7 27 881 7 73 89999
19 9973 99999 1381 99999 1399 99999 1409 99999 1423 99999 1427 99999 1429 99999 1433 99999 1439 99999 1447 99999 1451 99999 6067 99999 6073 99999 6079 99999 6089 99999 6091 99999 6101 99999 6113 99999 6121 99999   