12
3 3
5 5 3
2 8 2
7 3 1
4 5
2 7
6 3
1 4
0 0 5
10 0
10 10
0 10
0 20
2 2
0 0 5
20 0 5
13 1
27 1
1 4
4 32 5
0 32
4 36
8 32
4 28
5 6
0 0 10
0 0 8
0 0 6
0 0 4
0 0 2
0 11
0 9
0 7
0 5
0 3
0 1
5 2
-8 13 1
0 5 1
3 2 1
5 0 1
7 -2 1
10 -5
-10 15
6 4
-5 20 6
16 20 5
10 30 9
10 -20 29
0 10 9
100 10 79
2 20
10 20
10 10
20 10
4 4
3 5 3
7 5 3
5 7 3
5 3 3
0 0
10 0
10 10
0 10
4 5
3 5 3
7 5 3
5 7 3
5 3 3
0 0
10 0
10 10
0 10
0 1
4 5
3 5 2
7 5 2
5 7 2
5 3 2
0 0
10 0
10 10
0 10
0 1
50 50
1 5 3
2 5 3
3 5 3
4 5 3
5 5 3
6 5 3
7 5 3
8 5 3
9 5 3
10 5 3
11 5 3
12 5 3
13 5 3
14 5 3
15 5 3
16 5 3
17 5 3
18 5 3
19 5 3
20 5 3
21 5 3
22 5 3
23 5 3
24 5 3
25 5 3
26 5 3
27 5 3
28 5 3
29 5 3
30 5 3
31 5 3
32 5 3
33 5 3
34 5 3
35 5 3
36 5 3
37 5 3
38 5 3
39 5 3
40 5 3
41 5 3
42 5 3
43 5 3
44 5 3
45 5 3
46 5 3
47 5 3
48 5 3
49 5 3
50 5 3
1 1
2 1
3 1
4 1
5 1
6 1
7 1
8 1
9 1
10 1
11 1
12 1
13 1
14 1
15 1
16 1
17 1
18 1
19 1
20 1
21 1
22 1
23 1
24 1
25 1
26 1
27 1
28 1
29 1
30 1
31 1
32 1
33 1
34 1
35 1
36 1
37 1
38 1
39 1
40 1
41 1
42 1
43 1
44 1
45 1
46 1
47 1
48 1
49 1
50 1
50 50
1 5 8
2 5 8
3 5 8
4 5 8
5 5 8
6 5 8
7 5 8
8 5 8
9 5 8
10 5 8
11 5 8
12 5 8
13 5 8
14 5 8
15 5 8
16 5 8
17 5 8
18 5 8
19 5 8
20 5 8
21 5 8
22 5 8
23 5 8
24 5 8
25 5 8
26 5 8
27 5 8
28 5 8
29 5 8
30 5 8
31 5 8
32 5 8
33 5 8
34 5 8
35 5 8
36 5 8
37 5 8
38 5 8
39 5 8
40 5 8
41 5 8
42 5 8
43 5 8
44 5 8
45 5 8
46 5 8
47 5 8
48 5 8
49 5 8
50 5 8
1 1
2 1
3 1
4 1
5 1
6 1
7 1
8 1
9 1
10 1
11 1
12 1
13 1
14 1
15 1
16 1
17 1
18 1
19 1
20 1
21 1
22 1
23 1
24 1
25 1
26 1
27 1
28 1
29 1
30 1
31 1
32 1
33 1
34 1
35 1
36 1
37 1
38 1
39 1
40 1
41 1
42 1
43 1
44 1
45 1
46 1
47 1
48 1
49 1
50 1