17
3 20 30 60 40 30 50
2 10 90 30 40
5 20 40 30 60 10 20 50 20 20 30
19 2 5 4 3 1 10 9 5 8 4 5 6 12 9 4 13 14 3 5 6 7 7 2 12 34 5 78 43 91 34 6 3 6 8 9 2 80 81
10 1 2 3 4 5 6 7 8 9 10 11 12 13 14 15 16 17 18 19 20
1 100 100
1 1 1
1 2 7
1 19 3
2 20 30 90 40
2 20 40 30 60
10 30 40 30 40 30 40 30 40 30 40 30 40 30 40 30 40 30 40 30 40
10 30 40 20 50 90 60 45 90 67 12 33 45 99 1 100 3 7 85 95 4
19 15 30 25 60 50 42 10 17 99 18 100 100 1 2 2 1 3 5 7 2 4 3 2 5 100 100 88 77 66 99 93 86 45 90 76 34 75 79
12 30 40 30 60 30 90 30 10 30 5 30 98 30 42 30 84 30 48 30 1 30 2 30 85
19 100 100 100 100 100 100 100 100 100 100 100 100 100 100 100 100 100 100 100 100 100 100 100 100 100 100 100 100 100 100 100 100 100 100 100 100 100 100
10 2 3 5 8 2 3 5 8 2 3 5 8 2 3 5 8 2 3 5 8 