38
0111110010011111100
1011101000011111011011100100101101101000000010001111001110101010011111001101101010110100101
1100000101000011100001100001100100101011111011010010100000110101100111010011011100011100100
01110111011100101101101111110010011101001011000101
1010001011110100011110010110000010
1110101001000010000111010101001100111000110
0011010101000100101
11
0
01100010011101100010111111111111001111000100000111110110110010100011010011000011001110101010
0111000111010010000111110011101111000110110001101101111111111
1100110000100101001110110000001001001011010011000111100101110101001000101111001100011111101100100
011111110110000110101111110101001
01001011110
10110
1100
10101011100110010010011111111
01000110000111001010110100001011011001000
11111001010001000110100100100001010
1010100101000111110000001001110111011111100010100001010000001010010111010000010011100111
0001000001110101011100
00000010111010111011010111101011010111010
1000010011100101010101000100110000100000100111101011110010011110110
0000000011100010001100000001100000010001100101010110000001010001010111010011101001
00001111000011000001011101100010101100101001111001000100110000001000111
0001101010010100011001101011100110110010101000
01100110101011011101000000110011100010001000111110110111011100110
0000011010110100000011101011010010100110000010110001010101110
110110010010100110011101
0011
1010011100101100
101100000111101011010110000111011010101111010000001111001000111010001100111000110000
0010001011101101110100000011000011010011000
110100001110110111011101011110011101011
0110101111101010010000110011110010011101111110100111101000110000000001100101101100001111000
011111000011001000110111100000100011011000110000111101
1110011100011111011110
1100000001001001000110000001111010000011001111111011
