1 1
2 2
3 4
4 9
5 20
6 43
7 89
8 181
9 365
10 734
11 1473
12 2952
13 5911
14 11830
15 23669
16 47347
17 94704
18 189419
19 378850
20 757713
21 1515440
22 3030895
23 6061806
24 12123629
25 24247276
26 48494571
27 96989162
28 193978345
29 387956712
30 775913447
31 1551826917
32 3103653858
33 6207307741
34 12414615508
35 24829231043
36 49658462114
37 99316924257
38 198633848544
39 397267697119
40 794535394270
41 1589070788573
42 3178141577180
43 6356283154395
44 12712566308826
45 25425132617689
46 50850265235416
47 101700530470871
48 203401060941782
49 406802121883605
50 813604243767252
51 1627208487534547
52 3254416975069138
53 6508833950138321
54 13017667900276688
55 26035335800553423
56 52070671601106894
57 104141343202213837
58 208282686404427724
59 416565372808855499
60 833130745617711050
61 1666261491235422153
62 3332522982470844360
63 6665045964941688775
64 13330091929883377606
65 26660183859766755269
66 53320367719533510596
67 106640735439067021251
68 213281470878134042562
69 426562941756268085185
70 853125883512536170432
71 1706251767025072340927
72 3412503534050144681918
73 6825007068100289363901
74 13650014136200578727868
75 27300028272401157455803
76 54600056544802314911674
77 109200113089604629823417
78 218400226179209259646904
79 436800452358418519293879
80 873600904716837038587830
81 1747201809433674077175733
82 3494403618867348154351540
83 6988807237734696308703155
84 13977614475469392617406386
85 27955228950938785234812849
86 55910457901877570469625776
87 111820915803755140939251631
88 223641831607510281878503342
89 447283663215020563757006765
90 894567326430041127514013612
91 1789134652860082255028027307
92 3578269305720164510056054698
93 7156538611440329020112109481
94 14313077222880658040224219048
95 28626154445761316080448438183
96 57252308891522632160896876454
97 114504617783045264321793752997
98 229009235566090528643587506084
99 458018471132181057287175012259
100 916036942264362114574350024610